  -197033133934177417
 -1065610177677485307
  2421478116603578985
  7629945506470606404
 -5372823983019104555
 -8069075788914971493
 -3263474304201614398
 -7223526357145018917
  8932589254976510357
 -8558984883359430123
  7872883494479621921
  8986132215418736147
  4411535617366207605
 -6796610354068989187
  2138346248124165219
 -4333266116563394143
  -848058141584264439
  7662464998193764390
   561467859690537348
  1862340354770721758
  1906779455901872743
  8549975432386977074
 -6630170312365826569
 -6835705621695301140
  2502554941364779124
   377748958501438772
 -2798896338355152061
 -6840573418698266515
 -2101633644550826367
 -8795339538038376206
  1006896930731757797
  2119542476299866770
 -2630082322211710321
 -2557849622714931767
  5364328411975026652
  6568928170323787028
 -4216462389061385687
   415737056918517377
 -3287555516502444417
  5833252616847835161
 -2375244120731479652
   165458920387289450
  7372517656063502153
  6825036789140158074
  6350626320450155800
  8556470980595522772
  4205113571466296514
 -3621563662286044351
 -8160201510805379006
   196977732453344057
  4492403152163832653
 -7987603087690120559
 -6896524832439965062
  3081434377884168734
  5460243057730240631
  5914068489759210390
  -384477078732443815
 -7042227748518717986
  -789290668842540603
  6762135169736062066
  7134480777111171697
  8413162224953919461
 -5340136407467625862
  2991834968976533416
 -3519257037002184240
  6816517397786744455
  -980485608231709847
  7429347874749256449
  6150589833184344868
 -9110509989493462186
  1286619439065458190
 -8952083860012429555
  8369841211015901311
 -5944068191450601300
  6103572905565227968
 -4530662269487735601
  6333314632254476688
  2151972183103547207
   977033362286862406
 -5048518373297558690
  5318862230085298358
  4841257013360316542
 -2743554963480140336
  8634481158431968343
  3572173425759915901
  1867756379773808800
 -5548752446417933347
 -6457166642310611802
  8030570126637534610
   657911691224940901
 -4119238239400080781
 -1739291269293645673
 -5029943528796200468
 -5750234884685210102
 -2808327530453653483
 -3105218532794096556
    84040765242468453
 -2403806181265811344
  6133227628765726836
